$ANSIBLE_VAULT;1.1;AES256
31346538623334366662333663373235613061333239383766636630336634356537363862356236
6532376665393330376561313231623638646433333837610a323236333039656132656539343232
32323030613164626464333365383562323435323763333737643662346631373636666635636638
3238663464653335300a363439623330623865386363363166326232326437333339643839336339
32643464396536396665616364376262393331663566633330336431653862346238633466643662
38303539613138643034326233663366353063643433363339393031663562313864383035306430
64316336613834646535346363303039356134626265303661383064313532393962633737393964
35666435663336343534643439313739363663376166356637636462316132666662376430333261
66643735653261346566346530356235303364616432613263636434306262373037316134646233
65643834373266613935326534373434633237666437373061373338633063336632373633343032
32373864346238663663396630323931333635383733396438373265646237613263363132653564
30623535366139653162323334613432346562316362653336383966633631326532363933313039
34363436313138626434333338363539643438316434663665376162396162323631626137653530
30663264663435633565623762616633366464653238613939653233623032303339303834666339
30386237646465376265306434643464656136333035333836396661383963383731383836323562
62333732376662653866316566313930646336393936633937646666623236656164373162396331
35316632326466313839366433623938633537663765366364383630333764653338313135383364
39613234323837323835663130636138613032383736323431633265663934313066323333383066
61343834343532643363623236316632613735323232303937356233643965653962663239373435
39303861323337346161633736383462353439613539386566303233393062333537366630396238
62633465303235353231626231656361623532363863653636343639626561656364613464356561
38653732623934326164373261623139653334373630366264383538303566343663383961643937
36613863616161353136626663313862346634396565373762383831306434616539333765316163
62376338383862373931363966653137623263326131663638333564323132323733616630663635
63663934616134303637366635343235356534316239653437313939613439323835333436333662
39363639386362656337393063343466373133373930346132326666663031646335313435613830
38306432326333613764656566383132613065336666656638613337353735393231626538356434
64613133323630306230326537363437303738333564316263656430306338663335313236356562
34336331303232613062343166316335343334313064313362343731613637316636333133646435
32376364333965656530613063376434383262656236633861663634623638366361393037643630
38333034326538306635346461376439626365646662386233643830643162643461663831316166
33626466363331346533653732643734616534333431666337663438396464616634333932303865
33646536366431626161353436636335336538383465333966366338303430656137336362383232
30393533653435393265303030356630396437393230653235666563636664396661646336343536
32353038333631366466363135356365383735383065636662663839383037313232343339373637
33363336366636653232316539353430326663336137346636656432396332336336663639356639
32663638646430336135363331356333653863333035643434636566643132336264343761316232
33373163373066623035313636626536663333373435343464363539316334386162366665663062
37646363346532646337313638326332346164373261646433623364333336616638366232336364
31363062326233613064393137386165313761333937326336636635663934343034353737333534
31623765333130333632336537613063666564663062363536363034386662663830313536613631
64353230396535643763313932626532626436376534663032346334626365393539613265323439
35383330613364623933626366396164323832396236376462313661313962643862663337383863
65653239336334383836616634313663613637333164353038313563326464306130653632646338
65373330353963663135396266313263343538333864356236383463376433613039386564396330
62373430363264646233643734616130616265633663616565623330333463393065313238333731
37666633316333663231663935613533633431613863363135613936643032336364336537353338
65366161353863613937333332316639653562323531313661366639623461373662623639363763
63316533386534353530626461623234353863663436343237656530373734386336633661333231
39336166326531373631383866616565333466636534323865643537356662343265376234653536
62346530386264393631346331316665316537643161633935663465646331346463346435353237
39313733343435393733636435323538633536323632643062353565353132323166356236386139
65353362343931643231323138363838316533636662393465643437613365623036616637333662
33366637303031306339343637613265623961633062643632393232333633613535393138663936
32363466643866373262333166346539393666303732656130326264666665386562653338326335
30666461386662386164353164656635333463663466666364373332613761323334666261353132
32316539663833353361386438623733663336303235373630333864343665333464313666343734
31376333363830623363396532386561373432376231383466633466323430613339656134636266
36376431306666643335613963633330373632653132643936313262613734353338336231666433
30343835393463336235363036383534383736343639383432393462336331396234663838333331
38316364616133663233363463366661653130613332356663386236356634306161386663323261
38366232323534373866346339366138636566626432376166303330646238313533313362623135
63316137386266363436313035333261663466626635666164336332616365633265366466383134
63353761333337363130323532643633363836376339373939653634313237623663386665353732
66656435386238323863643231373663613962323635353964343136303232356131623161346162
35623965633333663363303766633536353166366132616261343861633834373961363334326664
37643561653562313366386639383337366236383630313034323934333062313132313536616535
30646135663136633036333163323634643732353834393462626234393762396564666238646232
33666462663439643462636137376561366339363834333464383538343836313337636330646431
32653938613733373163353062626134613039343366323561363334383738313064393239393464
30666430356338316336366438363336303830353936376435356161653038333530336139623834
37646134386261626164366331653633316266653262663638303463643038663238663939313934
37653930636362356137366666633034356266346531363665613962613336346264386632393735
31386136616365656237323237323634363165633034633163653965323861393832653335663165
61333433356536633932613363303062313365653462613632623563653765363135643164356635
62623164323535303262363931393930316539343363313666616166366338303038623539363264
38326438396431303266343062363364643632333431663830343461656330643134613532376464
30346563636431303466336133353430313638643366623433613431336333623637663261373833
36643135393535396138626334303364653734663562323163316664333935303739643436356238
38333035306539633539653931326630393732346138346239343838653733393033396436356536
36373735626338623438656364353231356661313338346461373266373933336362616234623462
30643732316663303061306436396535633236626435613363346336663539623838653433353866
666138626238663336633864636235306464
